8037779
10241889
7034363
6610048
9046089
9289101
9118126
6973261
9671908
6339584
9264918
7462062
10214836
8295287
9189421
9273781
8674919
6368871
9312376
8819945
6847410
8598722
8362832
7326209
8055995
9043932
9632759
9034549
6325118
7556750
7840125
8164247
9465453
8938936
7532680
6915784
6484884
5093682
6556596
5692777
6958192
9932185
9449593
7530646
8807390
9892530
8713357
6925031
9389140
9942122
9128235
6785039
8160634
6529431
10337540
8041192
6497569
6889377
10182178
9475249
7760831
8011577
7668168
9600423
10247733
8132153
7646677
